# Probe 0 (5.38 3.38 1.27)
# Probe 1 (5.28 3.28 1.17)
# Probe 2 (5.28 3.28 1.27)
# Probe 3 (5.28 3.28 1.37)
# Probe 4 (5.28 3.38 1.17)
# Probe 5 (5.28 3.38 1.27)
# Probe 6 (5.28 3.38 1.37)
# Probe 7 (5.28 3.48 1.17)
# Probe 8 (5.28 3.48 1.27)
# Probe 9 (5.28 3.48 1.37)
# Probe 10 (5.38 3.28 1.17)
# Probe 11 (5.38 3.28 1.27)
# Probe 12 (5.38 3.28 1.37)
# Probe 13 (5.38 3.38 1.17)
# Probe 14 (5.38 3.38 1.27)
# Probe 15 (5.38 3.38 1.37)
# Probe 16 (5.38 3.48 1.17)
# Probe 17 (5.38 3.48 1.27)
# Probe 18 (5.38 3.48 1.37)
# Probe 19 (5.48 3.28 1.17)
# Probe 20 (5.48 3.28 1.27)
# Probe 21 (5.48 3.28 1.37)
# Probe 22 (5.48 3.38 1.17)
# Probe 23 (5.48 3.38 1.27)
# Probe 24 (5.48 3.38 1.37)
# Probe 25 (5.48 3.48 1.17)
# Probe 26 (5.48 3.48 1.27)
# Probe 27 (5.48 3.48 1.37)
# Time        0             1             2             3             4             5             6             7             8             9             10            11            12            13            14            15            16            17            18            19            20            21            22            23            24            25            26            27           
100           (-0.0998631 0.215324 -0.165592) (-0.100821 0.217368 -0.223784) (-0.100821 0.217368 -0.223784) (-0.109285 0.255894 -0.219375) (-0.100821 0.217368 -0.223784) (-0.100821 0.217368 -0.223784) (-0.109285 0.255894 -0.219375) (-0.117653 0.212868 -0.228241) (-0.117653 0.212868 -0.228241) (-0.12529 0.249777 -0.22569) (-0.0998631 0.215324 -0.165592) (-0.0998631 0.215324 -0.165592) (-0.10863 0.263046 -0.167827) (-0.0998631 0.215324 -0.165592) (-0.0998631 0.215324 -0.165592) (-0.10863 0.263046 -0.167827) (-0.112369 0.214984 -0.175787) (-0.112369 0.214984 -0.175787) (-0.121466 0.260221 -0.179459) (-0.0985311 0.199472 -0.111537) (-0.0985311 0.199472 -0.111537) (-0.105878 0.257986 -0.119358) (-0.0985311 0.199472 -0.111537) (-0.0985311 0.199472 -0.111537) (-0.105878 0.257986 -0.119358) (-0.108249 0.204691 -0.125999) (-0.108249 0.204691 -0.125999) (-0.117135 0.260119 -0.134912)
