# Probe 0 (3.37 7.34 1.28)
# Probe 1 (3.27 7.24 1.18)
# Probe 2 (3.27 7.24 1.28)
# Probe 3 (3.27 7.24 1.38)
# Probe 4 (3.27 7.34 1.18)
# Probe 5 (3.27 7.34 1.28)
# Probe 6 (3.27 7.34 1.38)
# Probe 7 (3.27 7.44 1.18)
# Probe 8 (3.27 7.44 1.28)
# Probe 9 (3.27 7.44 1.38)
# Probe 10 (3.37 7.24 1.18)
# Probe 11 (3.37 7.24 1.28)
# Probe 12 (3.37 7.24 1.38)
# Probe 13 (3.37 7.34 1.18)
# Probe 14 (3.37 7.34 1.28)
# Probe 15 (3.37 7.34 1.38)
# Probe 16 (3.37 7.44 1.18)
# Probe 17 (3.37 7.44 1.28)
# Probe 18 (3.37 7.44 1.38)
# Probe 19 (3.47 7.24 1.18)
# Probe 20 (3.47 7.24 1.28)
# Probe 21 (3.47 7.24 1.38)
# Probe 22 (3.47 7.34 1.18)
# Probe 23 (3.47 7.34 1.28)
# Probe 24 (3.47 7.34 1.38)
# Probe 25 (3.47 7.44 1.18)
# Probe 26 (3.47 7.44 1.28)
# Probe 27 (3.47 7.44 1.38)
# Time        0             1             2             3             4             5             6             7             8             9             10            11            12            13            14            15            16            17            18            19            20            21            22            23            24            25            26            27           
150           (0.397938 -0.131637 0.365246) (0.428232 -0.164785 0.358598) (0.410667 -0.225389 0.343806) (0.410667 -0.225389 0.343806) (0.427716 -0.159204 0.373372) (0.404136 -0.223934 0.361856) (0.404136 -0.223934 0.361856) (0.427716 -0.159204 0.373372) (0.427716 -0.159204 0.373372) (0.404136 -0.223934 0.361856) (0.431572 -0.0814583 0.360132) (0.420257 -0.13752 0.354499) (0.420257 -0.13752 0.354499) (0.4104 -0.0672998 0.364404) (0.397938 -0.131637 0.365246) (0.397938 -0.131637 0.365246) (0.4104 -0.0672998 0.364404) (0.4104 -0.0672998 0.364404) (0.397938 -0.131637 0.365246) (0.436695 -0.0272117 0.362259) (0.424751 -0.0749092 0.355277) (0.424751 -0.0749092 0.355277) (0.393066 -0.000638783 0.358055) (0.382663 -0.0609917 0.3576) (0.382663 -0.0609917 0.3576) (0.393066 -0.000638783 0.358055) (0.393066 -0.000638783 0.358055) (0.382663 -0.0609917 0.3576)
