# Probe 0 (3.37 7.34 1.28)
# Probe 1 (3.27 7.24 1.18)
# Probe 2 (3.27 7.24 1.28)
# Probe 3 (3.27 7.24 1.38)
# Probe 4 (3.27 7.34 1.18)
# Probe 5 (3.27 7.34 1.28)
# Probe 6 (3.27 7.34 1.38)
# Probe 7 (3.27 7.44 1.18)
# Probe 8 (3.27 7.44 1.28)
# Probe 9 (3.27 7.44 1.38)
# Probe 10 (3.37 7.24 1.18)
# Probe 11 (3.37 7.24 1.28)
# Probe 12 (3.37 7.24 1.38)
# Probe 13 (3.37 7.34 1.18)
# Probe 14 (3.37 7.34 1.28)
# Probe 15 (3.37 7.34 1.38)
# Probe 16 (3.37 7.44 1.18)
# Probe 17 (3.37 7.44 1.28)
# Probe 18 (3.37 7.44 1.38)
# Probe 19 (3.47 7.24 1.18)
# Probe 20 (3.47 7.24 1.28)
# Probe 21 (3.47 7.24 1.38)
# Probe 22 (3.47 7.34 1.18)
# Probe 23 (3.47 7.34 1.28)
# Probe 24 (3.47 7.34 1.38)
# Probe 25 (3.47 7.44 1.18)
# Probe 26 (3.47 7.44 1.28)
# Probe 27 (3.47 7.44 1.38)
# Time        0             1             2             3             4             5             6             7             8             9             10            11            12            13            14            15            16            17            18            19            20            21            22            23            24            25            26            27           
100           (-0.0329634 0.0800092 0.253172) (-0.0856689 0.213913 0.57751) (-0.0662563 0.198526 0.569989) (-0.0662563 0.198526 0.569989) (-0.0670146 0.225671 0.481649) (-0.0475416 0.204075 0.488437) (-0.0475416 0.204075 0.488437) (-0.0670146 0.225671 0.481649) (-0.0670146 0.225671 0.481649) (-0.0475416 0.204075 0.488437) (-0.0718945 0.0851481 0.300117) (-0.0477607 0.0760495 0.31037) (-0.0477607 0.0760495 0.31037) (-0.0646695 0.0973775 0.240574) (-0.0329634 0.0800092 0.253172) (-0.0329634 0.0800092 0.253172) (-0.0646695 0.0973775 0.240574) (-0.0646695 0.0973775 0.240574) (-0.0329634 0.0800092 0.253172) (-0.110575 -0.0219002 0.155305) (-0.0716952 -0.0289623 0.152082) (-0.0716952 -0.0289623 0.152082) (-0.0975705 0.00318101 0.156229) (-0.0547692 -0.0125809 0.146791) (-0.0547692 -0.0125809 0.146791) (-0.0975705 0.00318101 0.156229) (-0.0975705 0.00318101 0.156229) (-0.0547692 -0.0125809 0.146791)
