# Probe 0 (1.3 0.8 1.28)
# Probe 1 (1.3 2.12 1.28)
# Probe 2 (1.3 3.38 1.28)
# Probe 3 (1.3 4.7 1.28)
# Probe 4 (1.3 6 1.28)
# Probe 5 (1.3 7.34 1.28)
# Probe 6 (2.35 0.8 1.28)
# Probe 7 (2.35 2.12 1.28)
# Probe 8 (2.35 3.38 1.28)
# Probe 9 (2.35 4.7 1.28)
# Probe 10 (2.35 6 1.28)
# Probe 11 (2.35 7.34 1.28)
# Probe 12 (3.35 0.8 1.28)
# Probe 13 (3.35 2.12 1.28)
# Probe 14 (3.35 3.38 1.28)
# Probe 15 (3.35 4.7 1.28)
# Probe 16 (3.35 6 1.28)
# Probe 17 (3.35 7.34 1.28)
# Probe 18 (4.35 0.8 1.28)
# Probe 19 (4.35 2.12 1.28)
# Probe 20 (4.35 3.38 1.28)
# Probe 21 (4.35 4.7 1.28)
# Probe 22 (4.35 6 1.28)
# Probe 23 (4.35 7.34 1.28)
# Probe 24 (5.3 0.8 1.28)
# Probe 25 (5.3 2.12 1.28)
# Probe 26 (5.3 3.38 1.28)
# Probe 27 (5.3 4.7 1.28)
# Probe 28 (5.3 6 1.28)
# Probe 29 (5.3 7.34 1.28)
# Time        0             1             2             3             4             5             6             7             8             9             10            11            12            13            14            15            16            17            18            19            20            21            22            23            24            25            26            27            28            29           
200           (0.502028 -0.0522133 0.0452524) (0.0849025 -0.043588 -0.1658) (-0.127755 0.113345 -0.252128) (0.00278096 0.0398233 -0.0057432) (0.185723 -0.342005 -0.185664) (0.0104311 -0.1967 -0.153785) (0.406922 -0.109115 -0.209596) (0.00587328 0.187071 -1.11809) (0.00843894 0.0438456 -0.936948) (-0.339132 0.062513 -0.0128338) (0.0455297 0.0461664 0.204376) (0.044418 -0.200423 -0.238277) (0.279872 -0.0510127 -0.311917) (-0.213155 0.157005 0.512134) (0.147043 0.427773 0.741859) (0.387014 -0.7679 1.4618) (-0.0261491 -0.363286 0.326825) (0.0629048 0.0673481 0.340286) (0.5189 0.184218 -0.065783) (0.222556 -0.0850564 -0.111914) (0.817307 -0.189184 -0.345245) (0.582716 0.0663877 1.11283) (-0.152389 0.118529 -0.308162) (-0.076607 -0.298607 -0.140134) (0.457766 0.209627 -0.0896315) (0.361104 -0.23087 0.396592) (0.101073 0.0204159 -0.17375) (0.430017 0.234013 -0.099152) (-0.162179 -0.0512063 0.0422998) (-0.0458749 -0.183762 -0.110224)
