# Probe 0 (5.38 3.38 1.27)
# Probe 1 (5.28 3.28 1.17)
# Probe 2 (5.28 3.28 1.27)
# Probe 3 (5.28 3.28 1.37)
# Probe 4 (5.28 3.38 1.17)
# Probe 5 (5.28 3.38 1.27)
# Probe 6 (5.28 3.38 1.37)
# Probe 7 (5.28 3.48 1.17)
# Probe 8 (5.28 3.48 1.27)
# Probe 9 (5.28 3.48 1.37)
# Probe 10 (5.38 3.28 1.17)
# Probe 11 (5.38 3.28 1.27)
# Probe 12 (5.38 3.28 1.37)
# Probe 13 (5.38 3.38 1.17)
# Probe 14 (5.38 3.38 1.27)
# Probe 15 (5.38 3.38 1.37)
# Probe 16 (5.38 3.48 1.17)
# Probe 17 (5.38 3.48 1.27)
# Probe 18 (5.38 3.48 1.37)
# Probe 19 (5.48 3.28 1.17)
# Probe 20 (5.48 3.28 1.27)
# Probe 21 (5.48 3.28 1.37)
# Probe 22 (5.48 3.38 1.17)
# Probe 23 (5.48 3.38 1.27)
# Probe 24 (5.48 3.38 1.37)
# Probe 25 (5.48 3.48 1.17)
# Probe 26 (5.48 3.48 1.27)
# Probe 27 (5.48 3.48 1.37)
# Time        0             1             2             3             4             5             6             7             8             9             10            11            12            13            14            15            16            17            18            19            20            21            22            23            24            25            26            27           
500           (3.681 -21.2754 -0.479616) (3.04746 -24.0691 -1.04389) (3.04746 -24.0691 -1.04389) (3.80859 -27.6544 -1.66645) (3.04746 -24.0691 -1.04389) (3.04746 -24.0691 -1.04389) (3.80859 -27.6544 -1.66645) (3.38674 -24.1161 -1.49794) (3.38674 -24.1161 -1.49794) (4.15924 -27.7373 -2.30333) (3.681 -21.2754 -0.479616) (3.681 -21.2754 -0.479616) (4.43286 -25.5311 -0.870717) (3.681 -21.2754 -0.479616) (3.681 -21.2754 -0.479616) (4.43286 -25.5311 -0.870717) (4.05647 -21.399 -0.912575) (4.05647 -21.399 -0.912575) (4.80041 -25.6563 -1.52895) (4.21398 -18.3223 -0.00757555) (4.21398 -18.3223 -0.00757555) (4.93619 -23.1247 -0.169439) (4.21398 -18.3223 -0.00757555) (4.21398 -18.3223 -0.00757555) (4.93619 -23.1247 -0.169439) (4.65297 -18.582 -0.445123) (4.65297 -18.582 -0.445123) (5.33347 -23.3297 -0.835223)
