 /*--------------------------------*- C++ -*----------------------------------*\
  =========                 |
  \      /  F ield         | OpenFOAM: The Open Source CFD Toolbox
   \    /   O peration     | Website:  https://openfoam.org
    \  /    A nd           | Version:  12
     \/     M anipulation  |
\*---------------------------------------------------------------------------*/
FoamFile
{
    format      ascii;
    class       dictionary;
    object      blockMeshDict;
}
// * * * * * * * * * * * * * * * * * * * * * * * * * * * * * * * * * * * * * //
vertices (
	(0.1 0.1 0.1) // 0
	(0.1 0.1 3.9) // 1
	(0.1 1.73 0.1) // 2
	(0.1 1.73 3.9) // 3
	(0.1 2.23 0.1) // 4
	(0.1 2.23 3.9) // 5
	(0.1 6.37 0.1) // 6
	(0.1 6.37 3.9) // 7
	(0.1 6.87 0.1) // 8
	(0.1 6.87 3.9) // 9
	(0.1 8.5 0.1) // 10
	(0.1 8.5 3.9) // 11
	(0.65 0.1 0.1) // 12
	(0.65 0.1 3.9) // 13
	(0.65 1.73 0.1) // 14
	(0.65 1.73 3.9) // 15
	(0.65 2.23 0.1) // 16
	(0.65 2.23 3.9) // 17
	(0.65 6.37 0.1) // 18
	(0.65 6.37 3.9) // 19
	(0.65 6.87 0.1) // 20
	(0.65 6.87 3.9) // 21
	(0.65 8.5 0.1) // 22
	(0.65 8.5 3.9) // 23
	(1.15 0.1 0.1) // 24
	(1.15 0.1 3.9) // 25
	(1.15 1.73 0.1) // 26
	(1.15 1.73 3.9) // 27
	(1.15 2.23 0.1) // 28
	(1.15 2.23 3.9) // 29
	(1.15 6.37 0.1) // 30
	(1.15 6.37 3.9) // 31
	(1.15 6.87 0.1) // 32
	(1.15 6.87 3.9) // 33
	(1.15 8.5 0.1) // 34
	(1.15 8.5 3.9) // 35
	(3.42 0.1 0.1) // 36
	(3.42 0.1 3.9) // 37
	(3.42 1.73 0.1) // 38
	(3.42 1.73 3.9) // 39
	(3.42 2.23 0.1) // 40
	(3.42 2.23 3.9) // 41
	(3.42 6.37 0.1) // 42
	(3.42 6.37 3.9) // 43
	(3.42 6.87 0.1) // 44
	(3.42 6.87 3.9) // 45
	(3.42 8.5 0.1) // 46
	(3.42 8.5 3.9) // 47
	(3.92 0.1 0.1) // 48
	(3.92 0.1 3.9) // 49
	(3.92 1.73 0.1) // 50
	(3.92 1.73 3.9) // 51
	(3.92 2.23 0.1) // 52
	(3.92 2.23 3.9) // 53
	(3.92 6.37 0.1) // 54
	(3.92 6.37 3.9) // 55
	(3.92 6.87 0.1) // 56
	(3.92 6.87 3.9) // 57
	(3.92 8.5 0.1) // 58
	(3.92 8.5 3.9) // 59
	(6.19 0.1 0.1) // 60
	(6.19 0.1 3.9) // 61
	(6.19 1.73 0.1) // 62
	(6.19 1.73 3.9) // 63
	(6.19 2.23 0.1) // 64
	(6.19 2.23 3.9) // 65
	(6.19 6.37 0.1) // 66
	(6.19 6.37 3.9) // 67
	(6.19 6.87 0.1) // 68
	(6.19 6.87 3.9) // 69
	(6.19 8.5 0.1) // 70
	(6.19 8.5 3.9) // 71
	(6.69 0.1 0.1) // 72
	(6.69 0.1 3.9) // 73
	(6.69 1.73 0.1) // 74
	(6.69 1.73 3.9) // 75
	(6.69 2.23 0.1) // 76
	(6.69 2.23 3.9) // 77
	(6.69 6.37 0.1) // 78
	(6.69 6.37 3.9) // 79
	(6.69 6.87 0.1) // 80
	(6.69 6.87 3.9) // 81
	(6.69 8.5 0.1) // 82
	(6.69 8.5 3.9) // 83
	(8.96 0.1 0.1) // 84
	(8.96 0.1 3.9) // 85
	(8.96 1.73 0.1) // 86
	(8.96 1.73 3.9) // 87
	(8.96 2.23 0.1) // 88
	(8.96 2.23 3.9) // 89
	(8.96 6.37 0.1) // 90
	(8.96 6.37 3.9) // 91
	(8.96 6.87 0.1) // 92
	(8.96 6.87 3.9) // 93
	(8.96 8.5 0.1) // 94
	(8.96 8.5 3.9) // 95
	(9.46 0.1 0.1) // 96
	(9.46 0.1 3.9) // 97
	(9.46 1.73 0.1) // 98
	(9.46 1.73 3.9) // 99
	(9.46 2.23 0.1) // 100
	(9.46 2.23 3.9) // 101
	(9.46 6.37 0.1) // 102
	(9.46 6.37 3.9) // 103
	(9.46 6.87 0.1) // 104
	(9.46 6.87 3.9) // 105
	(9.46 8.5 0.1) // 106
	(9.46 8.5 3.9) // 107
	(11.65 0.1 0.1) // 108
	(11.65 0.1 3.9) // 109
	(11.65 1.73 0.1) // 110
	(11.65 1.73 3.9) // 111
	(11.65 2.23 0.1) // 112
	(11.65 2.23 3.9) // 113
	(11.65 6.37 0.1) // 114
	(11.65 6.37 3.9) // 115
	(11.65 6.87 0.1) // 116
	(11.65 6.87 3.9) // 117
	(11.65 8.5 0.1) // 118
	(11.65 8.5 3.9) // 119
);

blocks (
	hex (0 12 14 2 1 13 15 3) (5 16 37) simpleGrading (1 1 1) // 0
	hex (2 14 16 4 3 15 17 5) (5 4 37) simpleGrading (1 1 1) // 1
	hex (4 16 18 6 5 17 19 7) (5 41 37) simpleGrading (1 1 1) // 2
	hex (6 18 20 8 7 19 21 9) (5 4 37) simpleGrading (1 1 1) // 3
	hex (8 20 22 10 9 21 23 11) (5 16 37) simpleGrading (1 1 1) // 4
	hex (12 24 26 14 13 25 27 15) (4 16 37) simpleGrading (1 1 1) // 5
	hex (14 26 28 16 15 27 29 17) (4 4 37) simpleGrading (1 1 1) // 6
	hex (16 28 30 18 17 29 31 19) (4 41 37) simpleGrading (1 1 1) // 7
	hex (18 30 32 20 19 31 33 21) (4 4 37) simpleGrading (1 1 1) // 8
	hex (20 32 34 22 21 33 35 23) (4 16 37) simpleGrading (1 1 1) // 9
	hex (24 36 38 26 25 37 39 27) (22 16 37) simpleGrading (1 1 1) // 10
	hex (26 38 40 28 27 39 41 29) (22 4 37) simpleGrading (1 1 1) // 11
	hex (28 40 42 30 29 41 43 31) (22 41 37) simpleGrading (1 1 1) // 12
	hex (30 42 44 32 31 43 45 33) (22 4 37) simpleGrading (1 1 1) // 13
	hex (32 44 46 34 33 45 47 35) (22 16 37) simpleGrading (1 1 1) // 14
	hex (36 48 50 38 37 49 51 39) (4 16 37) simpleGrading (1 1 1) // 15
	hex (38 50 52 40 39 51 53 41) (4 4 37) simpleGrading (1 1 1) // 16
	hex (40 52 54 42 41 53 55 43) (4 41 37) simpleGrading (1 1 1) // 17
	hex (42 54 56 44 43 55 57 45) (4 4 37) simpleGrading (1 1 1) // 18
	hex (44 56 58 46 45 57 59 47) (4 16 37) simpleGrading (1 1 1) // 19
	hex (48 60 62 50 49 61 63 51) (22 16 37) simpleGrading (1 1 1) // 20
	hex (50 62 64 52 51 63 65 53) (22 4 37) simpleGrading (1 1 1) // 21
	hex (52 64 66 54 53 65 67 55) (22 41 37) simpleGrading (1 1 1) // 22
	hex (54 66 68 56 55 67 69 57) (22 4 37) simpleGrading (1 1 1) // 23
	hex (56 68 70 58 57 69 71 59) (22 16 37) simpleGrading (1 1 1) // 24
	hex (60 72 74 62 61 73 75 63) (4 16 37) simpleGrading (1 1 1) // 25
	hex (62 74 76 64 63 75 77 65) (4 4 37) simpleGrading (1 1 1) // 26
	hex (64 76 78 66 65 77 79 67) (4 41 37) simpleGrading (1 1 1) // 27
	hex (66 78 80 68 67 79 81 69) (4 4 37) simpleGrading (1 1 1) // 28
	hex (68 80 82 70 69 81 83 71) (4 16 37) simpleGrading (1 1 1) // 29
	hex (72 84 86 74 73 85 87 75) (22 16 37) simpleGrading (1 1 1) // 30
	hex (74 86 88 76 75 87 89 77) (22 4 37) simpleGrading (1 1 1) // 31
	hex (76 88 90 78 77 89 91 79) (22 41 37) simpleGrading (1 1 1) // 32
	hex (78 90 92 80 79 91 93 81) (22 4 37) simpleGrading (1 1 1) // 33
	hex (80 92 94 82 81 93 95 83) (22 16 37) simpleGrading (1 1 1) // 34
	hex (84 96 98 86 85 97 99 87) (4 16 37) simpleGrading (1 1 1) // 35
	hex (86 98 100 88 87 99 101 89) (4 4 37) simpleGrading (1 1 1) // 36
	hex (88 100 102 90 89 101 103 91) (4 41 37) simpleGrading (1 1 1) // 37
	hex (90 102 104 92 91 103 105 93) (4 4 37) simpleGrading (1 1 1) // 38
	hex (92 104 106 94 93 105 107 95) (4 16 37) simpleGrading (1 1 1) // 39
	hex (96 108 110 98 97 109 111 99) (21 16 37) simpleGrading (1 1 1) // 40
	hex (98 110 112 100 99 111 113 101) (21 4 37) simpleGrading (1 1 1) // 41
	hex (100 112 114 102 101 113 115 103) (21 41 37) simpleGrading (1 1 1) // 42
	hex (102 114 116 104 103 115 117 105) (21 4 37) simpleGrading (1 1 1) // 43
	hex (104 116 118 106 105 117 119 107) (21 16 37) simpleGrading (1 1 1) // 44
);

boundary (
walls {
	 type wall; 
	 faces (
		(0 2 3 1)
		(0 12 14 2)
		(1 13 15 3)
		(2 4 5 3)
		(2 14 16 4)
		(3 15 17 5)
		(4 6 7 5)
		(4 16 18 6)
		(5 17 19 7)
		(6 8 9 7)
		(6 18 20 8)
		(7 19 21 9)
		(8 10 11 9)
		(8 20 22 10)
		(9 21 23 11)
		(12 24 26 14)
		(13 25 27 15)
		(14 26 28 16)
		(16 28 30 18)
		(17 29 31 19)
		(18 30 32 20)
		(20 32 34 22)
		(21 33 35 23)
		(24 36 38 26)
		(25 37 39 27)
		(26 38 40 28)
		(27 39 41 29)
		(28 40 42 30)
		(29 41 43 31)
		(30 42 44 32)
		(31 43 45 33)
		(32 44 46 34)
		(33 45 47 35)
		(36 48 50 38)
		(37 49 51 39)
		(38 50 52 40)
		(40 52 54 42)
		(41 53 55 43)
		(42 54 56 44)
		(44 56 58 46)
		(45 57 59 47)
		(48 60 62 50)
		(49 61 63 51)
		(50 62 64 52)
		(51 63 65 53)
		(52 64 66 54)
		(53 65 67 55)
		(54 66 68 56)
		(55 67 69 57)
		(56 68 70 58)
		(57 69 71 59)
		(60 72 74 62)
		(61 73 75 63)
		(62 74 76 64)
		(64 76 78 66)
		(65 77 79 67)
		(66 78 80 68)
		(68 80 82 70)
		(69 81 83 71)
		(72 84 86 74)
		(73 85 87 75)
		(74 86 88 76)
		(75 87 89 77)
		(76 88 90 78)
		(77 89 91 79)
		(78 90 92 80)
		(79 91 93 81)
		(80 92 94 82)
		(81 93 95 83)
		(84 96 98 86)
		(85 97 99 87)
		(86 98 100 88)
		(88 100 102 90)
		(89 101 103 91)
		(90 102 104 92)
		(92 104 106 94)
		(93 105 107 95)
		(108 110 111 109)
		(96 108 110 98)
		(97 109 111 99)
		(110 112 113 111)
		(98 110 112 100)
		(99 111 113 101)
		(112 114 115 113)
		(100 112 114 102)
		(101 113 115 103)
		(114 116 117 115)
		(102 114 116 104)
		(103 115 117 105)
		(116 118 119 117)
		(104 116 118 106)
		(105 117 119 107)
	);
}

inlet {
	 type patch; 
	 faces (
		(22 10 11 23)
		(34 22 23 35)
		(46 34 35 47)
		(58 46 47 59)
		(70 58 59 71)
		(82 70 71 83)
		(94 82 83 95)
		(106 94 95 107)
		(118 106 107 119)
	);
}

outlet {
	 type patch; 
	 faces (
		(0 12 13 1)
		(12 24 25 13)
		(24 36 37 25)
		(36 48 49 37)
		(48 60 61 49)
		(60 72 73 61)
		(72 84 85 73)
		(84 96 97 85)
		(96 108 109 97)
	);
}

fan1 {
	 type patch;
	 faces (
		(15 27 29 17)
	);
}
fan2 {
	 type patch;
	 faces (
		(19 31 33 21)
	);
}
fan3 {
	 type patch;
	 faces (
		(39 51 53 41)
	);
}
fan4 {
	 type patch;
	 faces (
		(43 55 57 45)
	);
}
fan5 {
	 type patch;
	 faces (
		(63 75 77 65)
	);
}
fan6 {
	 type patch;
	 faces (
		(67 79 81 69)
	);
}
fan7 {
	 type patch;
	 faces (
		(87 99 101 89)
	);
}
fan8 {
	 type patch;
	 faces (
		(91 103 105 93)
	);
}
);
