# Probe 0 (5.38 3.38 1.27)
# Probe 1 (5.28 3.28 1.17)
# Probe 2 (5.28 3.28 1.27)
# Probe 3 (5.28 3.28 1.37)
# Probe 4 (5.28 3.38 1.17)
# Probe 5 (5.28 3.38 1.27)
# Probe 6 (5.28 3.38 1.37)
# Probe 7 (5.28 3.48 1.17)
# Probe 8 (5.28 3.48 1.27)
# Probe 9 (5.28 3.48 1.37)
# Probe 10 (5.38 3.28 1.17)
# Probe 11 (5.38 3.28 1.27)
# Probe 12 (5.38 3.28 1.37)
# Probe 13 (5.38 3.38 1.17)
# Probe 14 (5.38 3.38 1.27)
# Probe 15 (5.38 3.38 1.37)
# Probe 16 (5.38 3.48 1.17)
# Probe 17 (5.38 3.48 1.27)
# Probe 18 (5.38 3.48 1.37)
# Probe 19 (5.48 3.28 1.17)
# Probe 20 (5.48 3.28 1.27)
# Probe 21 (5.48 3.28 1.37)
# Probe 22 (5.48 3.38 1.17)
# Probe 23 (5.48 3.38 1.27)
# Probe 24 (5.48 3.38 1.37)
# Probe 25 (5.48 3.48 1.17)
# Probe 26 (5.48 3.48 1.27)
# Probe 27 (5.48 3.48 1.37)
# Time        0             1             2             3             4             5             6             7             8             9             10            11            12            13            14            15            16            17            18            19            20            21            22            23            24            25            26            27           
300           (-0.123393 -0.130272 -0.161641) (-0.127544 -0.122415 -0.191222) (-0.127544 -0.122415 -0.191222) (-0.142841 -0.104375 -0.17247) (-0.127544 -0.122415 -0.191222) (-0.127544 -0.122415 -0.191222) (-0.142841 -0.104375 -0.17247) (-0.0873048 -0.141092 -0.216186) (-0.0873048 -0.141092 -0.216186) (-0.0991362 -0.121217 -0.197753) (-0.123393 -0.130272 -0.161641) (-0.123393 -0.130272 -0.161641) (-0.144274 -0.111021 -0.146845) (-0.123393 -0.130272 -0.161641) (-0.123393 -0.130272 -0.161641) (-0.144274 -0.111021 -0.146845) (-0.0821853 -0.148502 -0.174805) (-0.0821853 -0.148502 -0.174805) (-0.100644 -0.126689 -0.160968) (-0.117861 -0.131422 -0.139262) (-0.117861 -0.131422 -0.139262) (-0.144294 -0.110351 -0.126601) (-0.117861 -0.131422 -0.139262) (-0.117861 -0.131422 -0.139262) (-0.144294 -0.110351 -0.126601) (-0.0759177 -0.149684 -0.145514) (-0.0759177 -0.149684 -0.145514) (-0.101051 -0.12541 -0.133908)
