# Probe 0 (1.31 2.12 1.27)
# Probe 1 (1.21 2.02 1.17)
# Probe 2 (1.21 2.02 1.27)
# Probe 3 (1.21 2.02 1.37)
# Probe 4 (1.21 2.12 1.17)
# Probe 5 (1.21 2.12 1.27)
# Probe 6 (1.21 2.12 1.37)
# Probe 7 (1.21 2.22 1.17)
# Probe 8 (1.21 2.22 1.27)
# Probe 9 (1.21 2.22 1.37)
# Probe 10 (1.31 2.02 1.17)
# Probe 11 (1.31 2.02 1.27)
# Probe 12 (1.31 2.02 1.37)
# Probe 13 (1.31 2.12 1.17)
# Probe 14 (1.31 2.12 1.27)
# Probe 15 (1.31 2.12 1.37)
# Probe 16 (1.31 2.22 1.17)
# Probe 17 (1.31 2.22 1.27)
# Probe 18 (1.31 2.22 1.37)
# Probe 19 (1.41 2.02 1.17)
# Probe 20 (1.41 2.02 1.27)
# Probe 21 (1.41 2.02 1.37)
# Probe 22 (1.41 2.12 1.17)
# Probe 23 (1.41 2.12 1.27)
# Probe 24 (1.41 2.12 1.37)
# Probe 25 (1.41 2.22 1.17)
# Probe 26 (1.41 2.22 1.27)
# Probe 27 (1.41 2.22 1.37)
# Time        0             1             2             3             4             5             6             7             8             9             10            11            12            13            14            15            16            17            18            19            20            21            22            23            24            25            26            27           
100           (0.182644 0.465284 0.0835953) (0.175453 0.619124 0.0740331) (0.175453 0.619124 0.0740331) (0.149779 0.722968 0.0682497) (0.198209 0.636337 0.103608) (0.198209 0.636337 0.103608) (0.164616 0.731954 0.0919516) (0.198209 0.636337 0.103608) (0.198209 0.636337 0.103608) (0.164616 0.731954 0.0919516) (0.164051 0.433795 0.0423622) (0.164051 0.433795 0.0423622) (0.143011 0.505243 0.0276618) (0.182644 0.465284 0.0835953) (0.182644 0.465284 0.0835953) (0.155497 0.529923 0.0628526) (0.182644 0.465284 0.0835953) (0.182644 0.465284 0.0835953) (0.155497 0.529923 0.0628526) (0.151228 0.249234 0.0301645) (0.151228 0.249234 0.0301645) (0.136628 0.294029 -0.00328467) (0.165579 0.288358 0.0907476) (0.165579 0.288358 0.0907476) (0.146654 0.328508 0.0545849) (0.165579 0.288358 0.0907476) (0.165579 0.288358 0.0907476) (0.146654 0.328508 0.0545849)
