# Probe 0 (5.38 3.38 1.27)
# Probe 1 (5.28 3.28 1.17)
# Probe 2 (5.28 3.28 1.27)
# Probe 3 (5.28 3.28 1.37)
# Probe 4 (5.28 3.38 1.17)
# Probe 5 (5.28 3.38 1.27)
# Probe 6 (5.28 3.38 1.37)
# Probe 7 (5.28 3.48 1.17)
# Probe 8 (5.28 3.48 1.27)
# Probe 9 (5.28 3.48 1.37)
# Probe 10 (5.38 3.28 1.17)
# Probe 11 (5.38 3.28 1.27)
# Probe 12 (5.38 3.28 1.37)
# Probe 13 (5.38 3.38 1.17)
# Probe 14 (5.38 3.38 1.27)
# Probe 15 (5.38 3.38 1.37)
# Probe 16 (5.38 3.48 1.17)
# Probe 17 (5.38 3.48 1.27)
# Probe 18 (5.38 3.48 1.37)
# Probe 19 (5.48 3.28 1.17)
# Probe 20 (5.48 3.28 1.27)
# Probe 21 (5.48 3.28 1.37)
# Probe 22 (5.48 3.38 1.17)
# Probe 23 (5.48 3.38 1.27)
# Probe 24 (5.48 3.38 1.37)
# Probe 25 (5.48 3.48 1.17)
# Probe 26 (5.48 3.48 1.27)
# Probe 27 (5.48 3.48 1.37)
# Time        0             1             2             3             4             5             6             7             8             9             10            11            12            13            14            15            16            17            18            19            20            21            22            23            24            25            26            27           
200           (0.179492 0.498089 -0.0813325) (0.154785 0.523213 -0.0867793) (0.154785 0.523213 -0.0867793) (0.0975187 0.393725 -0.0895047) (0.154785 0.523213 -0.0867793) (0.154785 0.523213 -0.0867793) (0.0975187 0.393725 -0.0895047) (0.122477 0.497498 -0.121277) (0.122477 0.497498 -0.121277) (0.0726182 0.369703 -0.11754) (0.179492 0.498089 -0.0813325) (0.179492 0.498089 -0.0813325) (0.117854 0.354265 -0.0847498) (0.179492 0.498089 -0.0813325) (0.179492 0.498089 -0.0813325) (0.117854 0.354265 -0.0847498) (0.147733 0.474039 -0.111816) (0.147733 0.474039 -0.111816) (0.0925528 0.332137 -0.10908) (0.200191 0.452774 -0.0839509) (0.200191 0.452774 -0.0839509) (0.13551 0.296373 -0.0856655) (0.200191 0.452774 -0.0839509) (0.200191 0.452774 -0.0839509) (0.13551 0.296373 -0.0856655) (0.169444 0.430032 -0.110368) (0.169444 0.430032 -0.110368) (0.109789 0.277395 -0.1061)
