# Probe 0 (1.31 2.12 1.27)
# Probe 1 (1.21 2.02 1.17)
# Probe 2 (1.21 2.02 1.27)
# Probe 3 (1.21 2.02 1.37)
# Probe 4 (1.21 2.12 1.17)
# Probe 5 (1.21 2.12 1.27)
# Probe 6 (1.21 2.12 1.37)
# Probe 7 (1.21 2.22 1.17)
# Probe 8 (1.21 2.22 1.27)
# Probe 9 (1.21 2.22 1.37)
# Probe 10 (1.31 2.02 1.17)
# Probe 11 (1.31 2.02 1.27)
# Probe 12 (1.31 2.02 1.37)
# Probe 13 (1.31 2.12 1.17)
# Probe 14 (1.31 2.12 1.27)
# Probe 15 (1.31 2.12 1.37)
# Probe 16 (1.31 2.22 1.17)
# Probe 17 (1.31 2.22 1.27)
# Probe 18 (1.31 2.22 1.37)
# Probe 19 (1.41 2.02 1.17)
# Probe 20 (1.41 2.02 1.27)
# Probe 21 (1.41 2.02 1.37)
# Probe 22 (1.41 2.12 1.17)
# Probe 23 (1.41 2.12 1.27)
# Probe 24 (1.41 2.12 1.37)
# Probe 25 (1.41 2.22 1.17)
# Probe 26 (1.41 2.22 1.27)
# Probe 27 (1.41 2.22 1.37)
# Time        0             1             2             3             4             5             6             7             8             9             10            11            12            13            14            15            16            17            18            19            20            21            22            23            24            25            26            27           
200           (-0.317249 -0.0171322 0.378828) (-0.158867 -0.0804986 0.161265) (-0.158867 -0.0804986 0.161265) (-0.200364 -0.089112 0.17845) (-0.242386 -0.00929342 0.285301) (-0.242386 -0.00929342 0.285301) (-0.266754 -0.0256576 0.28327) (-0.242386 -0.00929342 0.285301) (-0.242386 -0.00929342 0.285301) (-0.266754 -0.0256576 0.28327) (-0.210949 -0.0968793 0.233438) (-0.210949 -0.0968793 0.233438) (-0.243317 -0.107206 0.236319) (-0.317249 -0.0171322 0.378828) (-0.317249 -0.0171322 0.378828) (-0.319198 -0.0386878 0.350739) (-0.317249 -0.0171322 0.378828) (-0.317249 -0.0171322 0.378828) (-0.319198 -0.0386878 0.350739) (-0.25811 -0.12306 0.304373) (-0.25811 -0.12306 0.304373) (-0.27638 -0.132506 0.288382) (-0.372199 -0.0364871 0.457882) (-0.372199 -0.0364871 0.457882) (-0.354247 -0.0612552 0.400271) (-0.372199 -0.0364871 0.457882) (-0.372199 -0.0364871 0.457882) (-0.354247 -0.0612552 0.400271)
