# Probe 0 (1.31 2.12 1.27)
# Probe 1 (1.21 2.02 1.17)
# Probe 2 (1.21 2.02 1.27)
# Probe 3 (1.21 2.02 1.37)
# Probe 4 (1.21 2.12 1.17)
# Probe 5 (1.21 2.12 1.27)
# Probe 6 (1.21 2.12 1.37)
# Probe 7 (1.21 2.22 1.17)
# Probe 8 (1.21 2.22 1.27)
# Probe 9 (1.21 2.22 1.37)
# Probe 10 (1.31 2.02 1.17)
# Probe 11 (1.31 2.02 1.27)
# Probe 12 (1.31 2.02 1.37)
# Probe 13 (1.31 2.12 1.17)
# Probe 14 (1.31 2.12 1.27)
# Probe 15 (1.31 2.12 1.37)
# Probe 16 (1.31 2.22 1.17)
# Probe 17 (1.31 2.22 1.27)
# Probe 18 (1.31 2.22 1.37)
# Probe 19 (1.41 2.02 1.17)
# Probe 20 (1.41 2.02 1.27)
# Probe 21 (1.41 2.02 1.37)
# Probe 22 (1.41 2.12 1.17)
# Probe 23 (1.41 2.12 1.27)
# Probe 24 (1.41 2.12 1.37)
# Probe 25 (1.41 2.22 1.17)
# Probe 26 (1.41 2.22 1.27)
# Probe 27 (1.41 2.22 1.37)
# Time        0             1             2             3             4             5             6             7             8             9             10            11            12            13            14            15            16            17            18            19            20            21            22            23            24            25            26            27           
500           (-1.36163 232.963 -8.35108) (-0.275038 268.496 -8.36728) (-0.275038 268.496 -8.36728) (-0.657555 267.038 -9.01733) (0.0881032 265.145 -8.07254) (0.0881032 265.145 -8.07254) (-0.335572 263.497 -8.71463) (0.0881032 265.145 -8.07254) (0.0881032 265.145 -8.07254) (-0.335572 263.497 -8.71463) (-2.31439 237.436 -8.79164) (-2.31439 237.436 -8.79164) (-1.49657 233.218 -8.83026) (-1.36163 232.963 -8.35108) (-1.36163 232.963 -8.35108) (-0.694161 228.721 -8.47809) (-1.36163 232.963 -8.35108) (-1.36163 232.963 -8.35108) (-0.694161 228.721 -8.47809) (9.93443 126.045 -3.24253) (9.93443 126.045 -3.24253) (9.27789 118.536 -3.59136) (9.95147 126.649 -2.97446) (9.95147 126.649 -2.97446) (9.26992 118.907 -3.41597) (9.95147 126.649 -2.97446) (9.95147 126.649 -2.97446) (9.26992 118.907 -3.41597)
