# Probe 0 (3.37 7.34 1.28)
# Probe 1 (3.27 7.24 1.18)
# Probe 2 (3.27 7.24 1.28)
# Probe 3 (3.27 7.24 1.38)
# Probe 4 (3.27 7.34 1.18)
# Probe 5 (3.27 7.34 1.28)
# Probe 6 (3.27 7.34 1.38)
# Probe 7 (3.27 7.44 1.18)
# Probe 8 (3.27 7.44 1.28)
# Probe 9 (3.27 7.44 1.38)
# Probe 10 (3.37 7.24 1.18)
# Probe 11 (3.37 7.24 1.28)
# Probe 12 (3.37 7.24 1.38)
# Probe 13 (3.37 7.34 1.18)
# Probe 14 (3.37 7.34 1.28)
# Probe 15 (3.37 7.34 1.38)
# Probe 16 (3.37 7.44 1.18)
# Probe 17 (3.37 7.44 1.28)
# Probe 18 (3.37 7.44 1.38)
# Probe 19 (3.47 7.24 1.18)
# Probe 20 (3.47 7.24 1.28)
# Probe 21 (3.47 7.24 1.38)
# Probe 22 (3.47 7.34 1.18)
# Probe 23 (3.47 7.34 1.28)
# Probe 24 (3.47 7.34 1.38)
# Probe 25 (3.47 7.44 1.18)
# Probe 26 (3.47 7.44 1.28)
# Probe 27 (3.47 7.44 1.38)
# Time        0             1             2             3             4             5             6             7             8             9             10            11            12            13            14            15            16            17            18            19            20            21            22            23            24            25            26            27           
200           (0.198289 -0.28356 -0.0967154) (0.243721 -0.267219 -0.0812309) (0.215097 -0.284235 -0.0846534) (0.215097 -0.284235 -0.0846534) (0.230165 -0.268463 -0.085055) (0.193956 -0.281018 -0.0899947) (0.193956 -0.281018 -0.0899947) (0.230165 -0.268463 -0.085055) (0.230165 -0.268463 -0.085055) (0.193956 -0.281018 -0.0899947) (0.251693 -0.251106 -0.0855585) (0.211473 -0.278632 -0.0940294) (0.211473 -0.278632 -0.0940294) (0.248459 -0.257651 -0.0864929) (0.198289 -0.28356 -0.0967154) (0.198289 -0.28356 -0.0967154) (0.248459 -0.257651 -0.0864929) (0.248459 -0.257651 -0.0864929) (0.198289 -0.28356 -0.0967154) (0.265693 -0.22433 -0.0842537) (0.216634 -0.266654 -0.0969107) (0.216634 -0.266654 -0.0969107) (0.269737 -0.23287 -0.0804726) (0.210872 -0.27691 -0.0930515) (0.210872 -0.27691 -0.0930515) (0.269737 -0.23287 -0.0804726) (0.269737 -0.23287 -0.0804726) (0.210872 -0.27691 -0.0930515)
