# Probe 0 (3.37 7.34 1.28)
# Probe 1 (3.27 7.24 1.18)
# Probe 2 (3.27 7.24 1.28)
# Probe 3 (3.27 7.24 1.38)
# Probe 4 (3.27 7.34 1.18)
# Probe 5 (3.27 7.34 1.28)
# Probe 6 (3.27 7.34 1.38)
# Probe 7 (3.27 7.44 1.18)
# Probe 8 (3.27 7.44 1.28)
# Probe 9 (3.27 7.44 1.38)
# Probe 10 (3.37 7.24 1.18)
# Probe 11 (3.37 7.24 1.28)
# Probe 12 (3.37 7.24 1.38)
# Probe 13 (3.37 7.34 1.18)
# Probe 14 (3.37 7.34 1.28)
# Probe 15 (3.37 7.34 1.38)
# Probe 16 (3.37 7.44 1.18)
# Probe 17 (3.37 7.44 1.28)
# Probe 18 (3.37 7.44 1.38)
# Probe 19 (3.47 7.24 1.18)
# Probe 20 (3.47 7.24 1.28)
# Probe 21 (3.47 7.24 1.38)
# Probe 22 (3.47 7.34 1.18)
# Probe 23 (3.47 7.34 1.28)
# Probe 24 (3.47 7.34 1.38)
# Probe 25 (3.47 7.44 1.18)
# Probe 26 (3.47 7.44 1.28)
# Probe 27 (3.47 7.44 1.38)
# Time        0             1             2             3             4             5             6             7             8             9             10            11            12            13            14            15            16            17            18            19            20            21            22            23            24            25            26            27           
300           (0.0661903 0.0603335 0.187205) (0.110927 -0.0765695 0.11242) (0.0813285 -0.0503348 0.094883) (0.0813285 -0.0503348 0.094883) (0.105266 -0.0675435 0.124387) (0.0634526 -0.0474351 0.102295) (0.0634526 -0.0474351 0.102295) (0.105266 -0.0675435 0.124387) (0.105266 -0.0675435 0.124387) (0.0634526 -0.0474351 0.102295) (0.0957832 0.0377795 0.238252) (0.0799768 0.0526304 0.229612) (0.0799768 0.0526304 0.229612) (0.0933713 0.0527972 0.201712) (0.0661903 0.0603335 0.187205) (0.0661903 0.0603335 0.187205) (0.0933713 0.0527972 0.201712) (0.0933713 0.0527972 0.201712) (0.0661903 0.0603335 0.187205) (0.120969 0.177412 0.555019) (0.106585 0.166538 0.511343) (0.106585 0.166538 0.511343) (0.0974667 0.20839 0.492292) (0.0826001 0.188212 0.452144) (0.0826001 0.188212 0.452144) (0.0974667 0.20839 0.492292) (0.0974667 0.20839 0.492292) (0.0826001 0.188212 0.452144)
