 /*--------------------------------*- C++ -*----------------------------------*\
  =========                 |
  \      /  F ield         | OpenFOAM: The Open Source CFD Toolbox
   \    /   O peration     | Website:  https://openfoam.org
    \  /    A nd           | Version:  12
     \/     M anipulation  |
\*---------------------------------------------------------------------------*/
FoamFile
{
    format      ascii;
    class       dictionary;
    object      blockMeshDict;
}
// * * * * * * * * * * * * * * * * * * * * * * * * * * * * * * * * * * * * * //
vertices (
	(-0.2 -0.2 0.1) // 0
	(-0.2 -0.2 2.6) // 1
	(-0.2 2.5 0.1) // 2
	(-0.2 2.5 2.6) // 3
	(-0.2 3 0.1) // 4
	(-0.2 3 2.6) // 5
	(-0.2 4.5 0.1) // 6
	(-0.2 4.5 2.6) // 7
	(-0.2 5 0.1) // 8
	(-0.2 5 2.6) // 9
	(-0.2 6.5 0.1) // 10
	(-0.2 6.5 2.6) // 11
	(-0.2 7 0.1) // 12
	(-0.2 7 2.6) // 13
	(-0.2 9.2 0.1) // 14
	(-0.2 9.2 2.6) // 15
	(2 -0.2 0.1) // 16
	(2 -0.2 2.6) // 17
	(2 2.5 0.1) // 18
	(2 2.5 2.6) // 19
	(2 3 0.1) // 20
	(2 3 2.6) // 21
	(2 4.5 0.1) // 22
	(2 4.5 2.6) // 23
	(2 5 0.1) // 24
	(2 5 2.6) // 25
	(2 6.5 0.1) // 26
	(2 6.5 2.6) // 27
	(2 7 0.1) // 28
	(2 7 2.6) // 29
	(2 9.2 0.1) // 30
	(2 9.2 2.6) // 31
	(2.5 -0.2 0.1) // 32
	(2.5 -0.2 2.6) // 33
	(2.5 2.5 0.1) // 34
	(2.5 2.5 2.6) // 35
	(2.5 3 0.1) // 36
	(2.5 3 2.6) // 37
	(2.5 4.5 0.1) // 38
	(2.5 4.5 2.6) // 39
	(2.5 5 0.1) // 40
	(2.5 5 2.6) // 41
	(2.5 6.5 0.1) // 42
	(2.5 6.5 2.6) // 43
	(2.5 7 0.1) // 44
	(2.5 7 2.6) // 45
	(2.5 9.2 0.1) // 46
	(2.5 9.2 2.6) // 47
	(4 -0.2 0.1) // 48
	(4 -0.2 2.6) // 49
	(4 2.5 0.1) // 50
	(4 2.5 2.6) // 51
	(4 3 0.1) // 52
	(4 3 2.6) // 53
	(4 4.5 0.1) // 54
	(4 4.5 2.6) // 55
	(4 5 0.1) // 56
	(4 5 2.6) // 57
	(4 6.5 0.1) // 58
	(4 6.5 2.6) // 59
	(4 7 0.1) // 60
	(4 7 2.6) // 61
	(4 9.2 0.1) // 62
	(4 9.2 2.6) // 63
	(4.5 -0.2 0.1) // 64
	(4.5 -0.2 2.6) // 65
	(4.5 2.5 0.1) // 66
	(4.5 2.5 2.6) // 67
	(4.5 3 0.1) // 68
	(4.5 3 2.6) // 69
	(4.5 4.5 0.1) // 70
	(4.5 4.5 2.6) // 71
	(4.5 5 0.1) // 72
	(4.5 5 2.6) // 73
	(4.5 6.5 0.1) // 74
	(4.5 6.5 2.6) // 75
	(4.5 7 0.1) // 76
	(4.5 7 2.6) // 77
	(4.5 9.2 0.1) // 78
	(4.5 9.2 2.6) // 79
	(6.9 -0.2 0.1) // 80
	(6.9 -0.2 2.6) // 81
	(6.9 2.5 0.1) // 82
	(6.9 2.5 2.6) // 83
	(6.9 3 0.1) // 84
	(6.9 3 2.6) // 85
	(6.9 4.5 0.1) // 86
	(6.9 4.5 2.6) // 87
	(6.9 5 0.1) // 88
	(6.9 5 2.6) // 89
	(6.9 6.5 0.1) // 90
	(6.9 6.5 2.6) // 91
	(6.9 7 0.1) // 92
	(6.9 7 2.6) // 93
	(6.9 9.2 0.1) // 94
	(6.9 9.2 2.6) // 95
);

blocks (
	hex (0 16 18 2 1 17 19 3) (22 27 24) simpleGrading (1 1 1) // 0
	hex (2 18 20 4 3 19 21 5) (22 4 24) simpleGrading (1 1 1) // 1
	hex (4 20 22 6 5 21 23 7) (22 14 24) simpleGrading (1 1 1) // 2
	hex (6 22 24 8 7 23 25 9) (22 4 24) simpleGrading (1 1 1) // 3
	hex (8 24 26 10 9 25 27 11) (22 14 24) simpleGrading (1 1 1) // 4
	hex (10 26 28 12 11 27 29 13) (22 4 24) simpleGrading (1 1 1) // 5
	hex (12 28 30 14 13 29 31 15) (22 21 24) simpleGrading (1 1 1) // 6
	hex (16 32 34 18 17 33 35 19) (4 27 24) simpleGrading (1 1 1) // 7
	hex (18 34 36 20 19 35 37 21) (4 4 24) simpleGrading (1 1 1) // 8
	hex (20 36 38 22 21 37 39 23) (4 14 24) simpleGrading (1 1 1) // 9
	hex (22 38 40 24 23 39 41 25) (4 4 24) simpleGrading (1 1 1) // 10
	hex (24 40 42 26 25 41 43 27) (4 14 24) simpleGrading (1 1 1) // 11
	hex (26 42 44 28 27 43 45 29) (4 4 24) simpleGrading (1 1 1) // 12
	hex (28 44 46 30 29 45 47 31) (4 21 24) simpleGrading (1 1 1) // 13
	hex (32 48 50 34 33 49 51 35) (14 27 24) simpleGrading (1 1 1) // 14
	hex (34 50 52 36 35 51 53 37) (14 4 24) simpleGrading (1 1 1) // 15
	hex (36 52 54 38 37 53 55 39) (14 14 24) simpleGrading (1 1 1) // 16
	hex (38 54 56 40 39 55 57 41) (14 4 24) simpleGrading (1 1 1) // 17
	hex (40 56 58 42 41 57 59 43) (14 14 24) simpleGrading (1 1 1) // 18
	hex (42 58 60 44 43 59 61 45) (14 4 24) simpleGrading (1 1 1) // 19
	hex (44 60 62 46 45 61 63 47) (14 21 24) simpleGrading (1 1 1) // 20
	hex (48 64 66 50 49 65 67 51) (4 27 24) simpleGrading (1 1 1) // 21
	hex (50 66 68 52 51 67 69 53) (4 4 24) simpleGrading (1 1 1) // 22
	hex (52 68 70 54 53 69 71 55) (4 14 24) simpleGrading (1 1 1) // 23
	hex (54 70 72 56 55 71 73 57) (4 4 24) simpleGrading (1 1 1) // 24
	hex (56 72 74 58 57 73 75 59) (4 14 24) simpleGrading (1 1 1) // 25
	hex (58 74 76 60 59 75 77 61) (4 4 24) simpleGrading (1 1 1) // 26
	hex (60 76 78 62 61 77 79 63) (4 21 24) simpleGrading (1 1 1) // 27
	hex (64 80 82 66 65 81 83 67) (24 27 24) simpleGrading (1 1 1) // 28
	hex (66 82 84 68 67 83 85 69) (24 4 24) simpleGrading (1 1 1) // 29
	hex (68 84 86 70 69 85 87 71) (24 14 24) simpleGrading (1 1 1) // 30
	hex (70 86 88 72 71 87 89 73) (24 4 24) simpleGrading (1 1 1) // 31
	hex (72 88 90 74 73 89 91 75) (24 14 24) simpleGrading (1 1 1) // 32
	hex (74 90 92 76 75 91 93 77) (24 4 24) simpleGrading (1 1 1) // 33
	hex (76 92 94 78 77 93 95 79) (24 21 24) simpleGrading (1 1 1) // 34
);

boundary (
walls {
	 type wall; 
	 faces (
		(0 2 3 1)
		(0 16 18 2)
		(1 17 19 3)
		(2 4 5 3)
		(2 18 20 4)
		(3 19 21 5)
		(4 6 7 5)
		(4 20 22 6)
		(5 21 23 7)
		(6 8 9 7)
		(6 22 24 8)
		(7 23 25 9)
		(8 10 11 9)
		(8 24 26 10)
		(9 25 27 11)
		(10 12 13 11)
		(10 26 28 12)
		(11 27 29 13)
		(12 14 15 13)
		(12 28 30 14)
		(13 29 31 15)
		(16 32 34 18)
		(17 33 35 19)
		(18 34 36 20)
		(20 36 38 22)
		(21 37 39 23)
		(22 38 40 24)
		(24 40 42 26)
		(25 41 43 27)
		(26 42 44 28)
		(28 44 46 30)
		(29 45 47 31)
		(32 48 50 34)
		(33 49 51 35)
		(34 50 52 36)
		(35 51 53 37)
		(36 52 54 38)
		(37 53 55 39)
		(38 54 56 40)
		(39 55 57 41)
		(40 56 58 42)
		(41 57 59 43)
		(42 58 60 44)
		(43 59 61 45)
		(44 60 62 46)
		(45 61 63 47)
		(48 64 66 50)
		(49 65 67 51)
		(50 66 68 52)
		(52 68 70 54)
		(53 69 71 55)
		(54 70 72 56)
		(56 72 74 58)
		(57 73 75 59)
		(58 74 76 60)
		(60 76 78 62)
		(61 77 79 63)
		(80 82 83 81)
		(64 80 82 66)
		(65 81 83 67)
		(82 84 85 83)
		(66 82 84 68)
		(67 83 85 69)
		(84 86 87 85)
		(68 84 86 70)
		(69 85 87 71)
		(86 88 89 87)
		(70 86 88 72)
		(71 87 89 73)
		(88 90 91 89)
		(72 88 90 74)
		(73 89 91 75)
		(90 92 93 91)
		(74 90 92 76)
		(75 91 93 77)
		(92 94 95 93)
		(76 92 94 78)
		(77 93 95 79)
	);
}

inlet {
	 type patch; 
	 faces (
		(30 14 15 31)
		(46 30 31 47)
		(62 46 47 63)
		(78 62 63 79)
		(94 78 79 95)
	);
}

outlet {
	 type patch; 
	 faces (
		(0 16 17 1)
		(16 32 33 17)
		(32 48 49 33)
		(48 64 65 49)
		(64 80 81 65)
	);
}

fan1 {
	 type patch;
	 faces (
		(19 35 37 21)
	);
}
fan2 {
	 type patch;
	 faces (
		(23 39 41 25)
	);
}
fan3 {
	 type patch;
	 faces (
		(27 43 45 29)
	);
}
fan4 {
	 type patch;
	 faces (
		(51 67 69 53)
	);
}
fan5 {
	 type patch;
	 faces (
		(55 71 73 57)
	);
}
fan6 {
	 type patch;
	 faces (
		(59 75 77 61)
	);
}
);
