# Probe 0 (1.31 2.12 1.27)
# Probe 1 (1.21 2.02 1.17)
# Probe 2 (1.21 2.02 1.27)
# Probe 3 (1.21 2.02 1.37)
# Probe 4 (1.21 2.12 1.17)
# Probe 5 (1.21 2.12 1.27)
# Probe 6 (1.21 2.12 1.37)
# Probe 7 (1.21 2.22 1.17)
# Probe 8 (1.21 2.22 1.27)
# Probe 9 (1.21 2.22 1.37)
# Probe 10 (1.31 2.02 1.17)
# Probe 11 (1.31 2.02 1.27)
# Probe 12 (1.31 2.02 1.37)
# Probe 13 (1.31 2.12 1.17)
# Probe 14 (1.31 2.12 1.27)
# Probe 15 (1.31 2.12 1.37)
# Probe 16 (1.31 2.22 1.17)
# Probe 17 (1.31 2.22 1.27)
# Probe 18 (1.31 2.22 1.37)
# Probe 19 (1.41 2.02 1.17)
# Probe 20 (1.41 2.02 1.27)
# Probe 21 (1.41 2.02 1.37)
# Probe 22 (1.41 2.12 1.17)
# Probe 23 (1.41 2.12 1.27)
# Probe 24 (1.41 2.12 1.37)
# Probe 25 (1.41 2.22 1.17)
# Probe 26 (1.41 2.22 1.27)
# Probe 27 (1.41 2.22 1.37)
# Time        0             1             2             3             4             5             6             7             8             9             10            11            12            13            14            15            16            17            18            19            20            21            22            23            24            25            26            27           
300           (-0.136985 -0.159746 0.664544) (-0.153967 -0.185201 0.545406) (-0.153967 -0.185201 0.545406) (-0.141871 -0.142958 0.547415) (-0.0893504 -0.13939 0.422303) (-0.0893504 -0.13939 0.422303) (-0.0858835 -0.0976832 0.43536) (-0.0893504 -0.13939 0.422303) (-0.0893504 -0.13939 0.422303) (-0.0858835 -0.0976832 0.43536) (-0.18341 -0.214272 0.721913) (-0.18341 -0.214272 0.721913) (-0.167727 -0.183356 0.715682) (-0.136985 -0.159746 0.664544) (-0.136985 -0.159746 0.664544) (-0.13022 -0.131798 0.659274) (-0.136985 -0.159746 0.664544) (-0.136985 -0.159746 0.664544) (-0.13022 -0.131798 0.659274) (-0.221094 -0.229308 0.839502) (-0.221094 -0.229308 0.839502) (-0.194403 -0.208681 0.828403) (-0.197132 -0.179469 0.87463) (-0.197132 -0.179469 0.87463) (-0.178986 -0.160263 0.852569) (-0.197132 -0.179469 0.87463) (-0.197132 -0.179469 0.87463) (-0.178986 -0.160263 0.852569)
