# Probe 0 (1.31 2.12 1.27)
# Probe 1 (1.21 2.02 1.17)
# Probe 2 (1.21 2.02 1.27)
# Probe 3 (1.21 2.02 1.37)
# Probe 4 (1.21 2.12 1.17)
# Probe 5 (1.21 2.12 1.27)
# Probe 6 (1.21 2.12 1.37)
# Probe 7 (1.21 2.22 1.17)
# Probe 8 (1.21 2.22 1.27)
# Probe 9 (1.21 2.22 1.37)
# Probe 10 (1.31 2.02 1.17)
# Probe 11 (1.31 2.02 1.27)
# Probe 12 (1.31 2.02 1.37)
# Probe 13 (1.31 2.12 1.17)
# Probe 14 (1.31 2.12 1.27)
# Probe 15 (1.31 2.12 1.37)
# Probe 16 (1.31 2.22 1.17)
# Probe 17 (1.31 2.22 1.27)
# Probe 18 (1.31 2.22 1.37)
# Probe 19 (1.41 2.02 1.17)
# Probe 20 (1.41 2.02 1.27)
# Probe 21 (1.41 2.02 1.37)
# Probe 22 (1.41 2.12 1.17)
# Probe 23 (1.41 2.12 1.27)
# Probe 24 (1.41 2.12 1.37)
# Probe 25 (1.41 2.22 1.17)
# Probe 26 (1.41 2.22 1.27)
# Probe 27 (1.41 2.22 1.37)
# Time        0             1             2             3             4             5             6             7             8             9             10            11            12            13            14            15            16            17            18            19            20            21            22            23            24            25            26            27           
50            (0.0573067 0.176336 0.37606) (0.139158 0.267449 0.241249) (0.139158 0.267449 0.241249) (0.15334 0.284335 0.244771) (-0.00631446 0.209414 0.364022) (-0.00631446 0.209414 0.364022) (0.0350308 0.233468 0.348534) (-0.00631446 0.209414 0.364022) (-0.00631446 0.209414 0.364022) (0.0350308 0.233468 0.348534) (0.19426 0.239913 0.221763) (0.19426 0.239913 0.221763) (0.198385 0.260851 0.229468) (0.0573067 0.176336 0.37606) (0.0573067 0.176336 0.37606) (0.0877259 0.205005 0.358953) (0.0573067 0.176336 0.37606) (0.0573067 0.176336 0.37606) (0.0877259 0.205005 0.358953) (0.249614 0.19956 0.203895) (0.249614 0.19956 0.203895) (0.244972 0.225395 0.215406) (0.0872368 0.125918 0.431916) (0.0872368 0.125918 0.431916) (0.116904 0.15997 0.403461) (0.0872368 0.125918 0.431916) (0.0872368 0.125918 0.431916) (0.116904 0.15997 0.403461)
